function out1 = cr3bp_2d_A(X,Y)
%CR3BP_2D_A
%    OUT1 = CR3BP_2D_A(X,Y)

%    This function was generated by the Symbolic Math Toolbox version 8.3.
%    18-Oct-2020 18:54:58

t2 = X.*2.0;
t3 = Y.^2;
t4 = X+1.215e-2;
t7 = X-9.8785e-1;
t5 = t2+2.43e-2;
t6 = t4.^2;
t8 = t2-1.9757;
t9 = t7.^2;
t10 = t3+t6;
t11 = t3+t9;
t12 = 1.0./t10.^(3.0./2.0);
t13 = 1.0./t10.^(5.0./2.0);
t14 = 1.0./t11.^(3.0./2.0);
t15 = 1.0./t11.^(5.0./2.0);
t16 = t12.*9.8785e-1;
t18 = t14.*1.215e-2;
t20 = Y.*t5.*t13.*1.481775;
t21 = Y.*t8.*t15.*1.8225e-2;
t17 = -t16;
t19 = -t18;
t22 = t20+t21;
out1 = reshape([0.0,0.0,t17+t19+t5.^2.*t13.*7.408875e-1+t8.^2.*t15.*9.1125e-3+1.0,t22,0.0,0.0,t22,t17+t19+t3.*t13.*2.96355+t3.*t15.*3.645e-2+1.0,1.0,0.0,0.0,-2.0,0.0,1.0,2.0,0.0],[4,4]);
