function out1 = cr3bp_A(X,Y,Z,mu)
%CR3BP_A
%    OUT1 = CR3BP_A(X,Y,Z,MU)

%    This function was generated by the Symbolic Math Toolbox version 8.3.
%    06-Dec-2020 02:59:30

t2 = X+mu;
t3 = X.*2.0;
t4 = Y.^2;
t5 = Z.^2;
t6 = mu.*2.0;
t7 = mu-1.0;
t8 = t2-1.0;
t9 = t2.^2;
t11 = t2.*2.0;
t10 = t8.^2;
t12 = t8.*2.0;
t13 = t4+t5+t9;
t14 = t4+t5+t10;
t15 = 1.0./t13.^(3.0./2.0);
t16 = 1.0./t13.^(5.0./2.0);
t17 = 1.0./t14.^(3.0./2.0);
t18 = 1.0./t14.^(5.0./2.0);
t20 = t7.*t15;
t23 = Y.*Z.*t7.*t16.*3.0;
t25 = Y.*t2.*t7.*t16.*3.0;
t26 = Z.*t2.*t7.*t16.*3.0;
t19 = mu.*t17;
t22 = Y.*Z.*mu.*t18.*3.0;
t24 = -t23;
t27 = -t25;
t28 = -t26;
t29 = Y.*mu.*t8.*t18.*3.0;
t30 = Z.*mu.*t8.*t18.*3.0;
t21 = -t19;
t31 = t22+t24;
t32 = t27+t29;
t33 = t28+t30;
out1 = reshape([0.0,0.0,0.0,t20+t21+mu.*t10.*t18.*3.0-t7.*t9.*t16.*3.0+1.0,t32,t33,0.0,0.0,0.0,t32,t20+t21+mu.*t4.*t18.*3.0-t4.*t7.*t16.*3.0+1.0,t31,0.0,0.0,0.0,t33,t31,t20+t21+mu.*t5.*t18.*3.0-t5.*t7.*t16.*3.0,1.0,0.0,0.0,0.0,-2.0,0.0,0.0,1.0,0.0,2.0,0.0,0.0,0.0,0.0,1.0,0.0,0.0,0.0],[6,6]);
