function out1 = cr3bp_A(X,Y,Z)
%CR3BP_A
%    OUT1 = CR3BP_A(X,Y,Z)

%    This function was generated by the Symbolic Math Toolbox version 8.3.
%    30-Oct-2020 02:05:59

t2 = X.*2.0;
t3 = Y.^2;
t4 = Z.^2;
t5 = X+1.215e-2;
t8 = X-9.8785e-1;
t6 = t2+2.43e-2;
t7 = t5.^2;
t9 = t2-1.9757;
t10 = t8.^2;
t11 = t3+t4+t7;
t12 = t3+t4+t10;
t13 = 1.0./t11.^(3.0./2.0);
t14 = 1.0./t11.^(5.0./2.0);
t15 = 1.0./t12.^(3.0./2.0);
t16 = 1.0./t12.^(5.0./2.0);
t17 = t13.*9.8785e-1;
t19 = t15.*1.215e-2;
t20 = Y.*Z.*t14.*2.96355;
t22 = Y.*Z.*t16.*3.645e-2;
t23 = Y.*t6.*t14.*1.481775;
t24 = Z.*t6.*t14.*1.481775;
t25 = Y.*t9.*t16.*1.8225e-2;
t26 = Z.*t9.*t16.*1.8225e-2;
t18 = -t17;
t21 = -t19;
t27 = t20+t22;
t28 = t23+t25;
t29 = t24+t26;
out1 = reshape([0.0,0.0,0.0,t18+t21+t6.^2.*t14.*7.408875e-1+t9.^2.*t16.*9.1125e-3+1.0,t28,t29,0.0,0.0,0.0,t28,t18+t21+t3.*t14.*2.96355+t3.*t16.*3.645e-2+1.0,t27,0.0,0.0,0.0,t29,t27,t18+t21+t4.*t14.*2.96355+t4.*t16.*3.645e-2,1.0,0.0,0.0,0.0,-2.0,0.0,0.0,1.0,0.0,2.0,0.0,0.0,0.0,0.0,1.0,0.0,0.0,0.0],[6,6]);
