function out1 = cr3bp_2d_A(X,Y,mu)
%CR3BP_2D_A
%    OUT1 = CR3BP_2D_A(X,Y,MU)

%    This function was generated by the Symbolic Math Toolbox version 8.3.
%    06-Dec-2020 02:59:29

t2 = X+mu;
t3 = X.*2.0;
t4 = Y.^2;
t5 = mu.*2.0;
t6 = mu-1.0;
t7 = t2-1.0;
t8 = t2.^2;
t10 = t2.*2.0;
t9 = t7.^2;
t11 = t4+t8;
t12 = t7.*2.0;
t13 = t4+t9;
t14 = 1.0./t11.^(3.0./2.0);
t15 = 1.0./t11.^(5.0./2.0);
t16 = 1.0./t13.^(3.0./2.0);
t17 = 1.0./t13.^(5.0./2.0);
t19 = t6.*t14;
t21 = Y.*t2.*t6.*t15.*3.0;
t18 = mu.*t16;
t22 = Y.*mu.*t7.*t17.*3.0;
t23 = -t21;
t20 = -t18;
t24 = t22+t23;
out1 = reshape([0.0,0.0,t19+t20+mu.*t9.*t17.*3.0-t6.*t8.*t15.*3.0+1.0,t24,0.0,0.0,t24,t19+t20+mu.*t4.*t17.*3.0-t4.*t6.*t15.*3.0+1.0,1.0,0.0,0.0,-2.0,0.0,1.0,2.0,0.0],[4,4]);
